Calculation: THERMO
TLIST: 8 298 300 400 500 600 800 1000 1500
Scale: 0.99

MOL 1
NONLINEAR
GEOM
5
  1     6     0     -2.10838596    0.13842719    0.20707290
  2     6     0     -2.40701721    1.26838281    1.23131077
  3     1     0     -2.67835554    2.26489983    0.90209149
  4     6     0     -1.06146528    0.62689701    0.79220479
  5     1     0     -2.79573012    0.96786756    2.19307401
FREQ
9
605  651 913  978  1029  1500 1744  3062  3140 
ENERGY 0 CBS-QB3    
EXTSYM 2 ! C2v
NELEC 3  ! 3B1
ROTORS 0
!BAC for C-H C-C C=C C.TB.C  O-H  C-O C=O
0 0 0 0 0 0 0
