Calculation: THERMO
TLIST: 8 298 300 400 500 600 800 1000 1500
Scale: 0.99

MOL 1
NONLINEAR
GEOM
4
    1     6     0       -1.09664177   -0.85278475   -0.00000000
    2     8     0       -0.51165650    0.16508962    0.00000000
    3     8     0       -2.34186091   -1.33960944   -0.00000000
    4     8     0       -0.89825294   -2.17498401   -0.00000000
FREQ
6
516.4 586.3 685.1 1029.4 1071.2 2082.9
ENERGY 0 CBS-QB3    
EXTSYM 2                              
NELEC 1                               
ROTORS 0
!BAC for C-H C-C C=C C.TB.C  O-H  C-O C=O
0 0 0 0 0 0 0
