Calculation: THERMO
TLIST: 8 298 300 400 500 600 800 1000 1500
Scale: 0.99

MOL 1
NONLINEAR
GEOM
4
    1     6     0          -1.90514499   -0.77278757   -0.00000000
    2     8     0          -0.54724246   -0.32127707   -0.00000000
    3     8     0          -2.82654837   -0.05011419   -0.00000000
    4     8     0           0.29116494   -1.39083494   -0.00000000
FREQ
6
199.9  374.3  541.7  842.8  1026.3  1931.1
ENERGY 0 CBS-QB3
EXTSYM 2
NELEC 1
ROTORS 0
!BAC for C-H C-C C=C C.TB.C  O-H  C-O C=O
0 0 0 0 0 0 0
